year cost
    1988.000  3088769.842
    1988.000 13005346.703
    1988.000  8778609.025
    1988.000  8778609.025
    1988.000  2113368.839
    1988.000   650267.335
    1988.000   975401.003
    1988.000  4649411.446
    1988.000  3999144.111
    1988.000 14305881.373
    1988.000 10664384.296
    1988.000   487700.501
    1988.000   146310.150
    1988.000   487700.501
    1988.000   195080.201
    1988.000   650267.335
    1988.000   975401.003
    1988.000  9022459.275
    1988.000  5527272.349
    1988.000  5202138.681
    1988.000   650267.335
    1988.000   715294.069
    1988.000  7640641.188
    1988.000  9754010.027
    1988.000  2145882.206
    1988.000  2926203.008
    1988.000  4681924.813
    1988.000   487700.501
    1988.000 10079143.695
    1988.000   487700.501
    1988.000  8778609.025
    1988.000  6502673.352
    1988.000 12355079.368
    1988.000 17557218.049
    1988.000  7803208.022
    1988.000  7803208.022
    1988.000  7803208.022
    1988.000  7803208.022
    1989.000 26401173.197
    1989.000   927260.717
    1989.000  1030289.686
    1989.000   515144.843
    1989.000 18545214.343
    1989.000  2318151.793
    1989.000   515144.843
    1989.000   643931.054
    1989.000   643931.054
    1989.000   643931.054
    1989.000  1159075.896
    1989.000   643931.054
    1989.000   643931.054
    1989.000   643931.054
    1989.000   643931.054
    1989.000   515144.843
    1989.000  3606013.900
    1989.000  5280234.639
    1989.000  2704510.425
    1989.000 18545214.343
    1989.000  6696882.957
    1989.000 13136193.493
    1989.000  8499889.907
    1989.000   515144.843
    1989.000  1030289.686
    1989.000   515144.843
    1989.000   643931.054
    1989.000   643931.054
    1989.000 10174110.647
    1989.000   279466.077
    1989.000 10818041.700
    1989.000 19897469.556
    1989.000   206057.937
    1989.000   154543.453
    1989.000 10818041.700
    1989.000     5151.448
    1989.000 32840483.733
    1989.000   257572.421
    1989.000   257572.421
    1989.000   386358.632
    1989.000   643931.054
    1990.000  7880700.361
    1990.000  7880700.361
    1990.000   467004.466
    1990.000   467004.466
    1990.000  4280874.270
    1990.000   467004.466
    1990.000   467004.466
    1990.000   486462.985
    1990.000   875633.373
    1990.000  3405240.897
    1990.000  6032141.017
    1990.000   583755.582
    1990.000   583755.582
    1990.000   467004.466
    1990.000   467004.466
    1990.000   486462.985
    1990.000  3502533.494
    1990.000   330794.830
    1990.000   583755.582
    1990.000   583755.582
    1990.000 12064282.034
    1990.000   233502.233
    1990.000  8464455.943
    1990.000 16539741.499
    1990.000   467004.466
    1990.000   486462.985
    1990.000   972925.971
    1990.000 16539741.499
    1990.000   233502.233
    1990.000   233502.233
    1990.000   194585.194
    1990.000   583755.582
    1990.000  6810481.794
    1990.000  8756333.735
    1990.000 11285941.258
    1990.000   583755.582
    1990.000   583755.582
    1990.000   583755.582
    1990.000   583755.582
    1990.000  7394237.376
    1990.000   583755.582
    1990.000   583755.582
    1990.000   389170.388
    1990.000  4378166.867
    1990.000  6421311.405
    1990.000  4086289.076
    1990.000  2335022.329
    1990.000   486462.985
    1990.000   583755.582
    1990.000 11285941.258
    1990.000  6324018.808
    1990.000   583755.582
    1990.000  7394237.376
    1990.000  6421311.405
    1990.000   583755.582
    1990.000   467004.466
    1990.000 17123497.081
    1990.000  4086289.076
    1990.000 21793541.740
    1990.000  8659041.138
    1990.000   583755.582
    1990.000  1751266.747
    1990.000  3502533.494
    1990.000   583755.582
    1990.000  7686115.167
    1990.000 14107426.572
    1990.000 11869696.840
    1990.000  5253800.241
    1991.000  3989288.004
    1991.000 17951796.018
    1991.000  7901858.931
    1991.000  4603024.620
    1991.000   460302.462
    1991.000  1380907.386
    1991.000  4296156.312
    1991.000  7057971.084
    1991.000   613736.616
    1991.000   613736.616
    1991.000   690453.693
    1991.000  2148078.156
    1991.000   460302.462
    1991.000 76717077.000
    1991.000 14115942.168
    1991.000  6589996.914
    1991.000   920604.924
    1991.000   460302.462
    1991.000  4986610.005
    1991.000   613736.616
    1991.000   613736.616
    1991.000  4940579.759
    1991.000  7057971.084
    1991.000  2360124.157
    1991.000  6444234.468
    1991.000  5370195.390
    1991.000 13502205.552
    1991.000 10970542.011
    1991.000   460302.462
    1991.000   460302.462
    1991.000   460302.462
    1991.000  4296156.312
    1991.000 18412098.480
    1991.000  4449590.466
    1991.000   613736.616
    1991.000  4296156.312
    1991.000   460302.462
    1991.000  3835853.850
    1991.000 10663673.703
    1991.000   613736.616
    1991.000  7901858.931
    1991.000   368241.970
    1991.000 11814429.858
    1991.000   184120.985
    1991.000  6137366.160
    1991.000  3989288.004
    1991.000  7978576.008
    1991.000   759499.062
    1991.000   460302.462
    1991.000  8515595.547
    1991.000  4679741.697
    1991.000   368241.970
    1991.000  3375551.388
    1991.000   690453.693
    1991.000   184120.985
    1991.000 17798361.864
    1991.000  2148078.156
    1992.000 11034900.000
    1992.000 19801515.000
    1992.000  8582700.000
    1992.000 12261000.000
    1992.000   490440.000
    1992.000 12506220.000
    1992.000  7479210.000
    1992.000  4904400.000
    1992.000 15571470.000
    1992.000 18391500.000
    1992.000  1226100.000
    1992.000 13671015.000
    1992.000 24522000.000
    1992.000  2553353.250
    1992.000 12261000.000
    1992.000 13671015.000
    1992.000 13671015.000
    1992.000  2182458.000
    1992.000  8582700.000
    1992.000 11218815.000
    1992.000  8766615.000
    1992.000  4315872.000
    1992.000  2084370.000
    1992.000  5266099.500
    1992.000  4107435.000
    1992.000  2084370.000
    1992.000 93796650.000
    1992.000  7356600.000
    1992.000  4413960.000
    1992.000  3065250.000
    1992.000  4168740.000
    1992.000  3114294.000
    1992.000  1839150.000
    1992.000  1226100.000
    1992.000   858270.000
    1992.000 10237935.000
    1992.000  4046130.000
    1992.000  4928922.000
    1992.000   490440.000
    1992.000  2452200.000
    1992.000  2452200.000
    1992.000 20475870.000
    1992.000 10446372.000
    1992.000 20475870.000
    1992.000  3065250.000
    1992.000   490440.000
    1992.000 12261000.000
    1992.000   919575.000
    1992.000 55174500.000
    1992.000 16797570.000
    1992.000 22069800.000
    1992.000   919575.000
    1992.000 11341425.000
    1992.000 16699482.000
    1992.000  2697420.000
    1992.000  6620940.000
    1992.000   735660.000
    1992.000  1839150.000
    1992.000 18391500.000
    1992.000 16184520.000
    1992.000  2084370.000
    1992.000  6130500.000
    1992.000 11427252.000
    1992.000  8239392.000
    1992.000  7356600.000
    1992.000   490440.000
    1992.000  3800910.000
    1992.000  5640060.000
    1992.000 18391500.000
    1992.000 10458633.000
    1992.000  4168740.000
    1992.000  4843095.000
    1992.000   711138.000
    1992.000 14713200.000
    1992.000 12567525.000
    1992.000  2427678.000
    1992.000  2206980.000
    1992.000 12261000.000
    1992.000  3984825.000
    1992.000 14713200.000
    1992.000  3065250.000
    1992.000  5787192.000
    1992.000 18391500.000
    1992.000 19801515.000
    1992.000   490440.000
    1992.000  9808800.000
    1992.000 22069800.000
    1992.000 18391500.000
    1992.000  8030955.000
    1992.000   735660.000
    1992.000  3800910.000
    1992.000 46591800.000
    1992.000  6130500.000
    1992.000 16123215.000
    1992.000  1961760.000
    1992.000  4904400.000
    1992.000  5266099.500
    1992.000  9808800.000
    1992.000  6743550.000
    1992.000  9134445.000
    1992.000  4181001.000
    1992.000  5517450.000
    1992.000  4904400.000
    1992.000   882792.000
    1992.000  8582700.000
    1992.000  8582700.000
    1992.000   919575.000
    1992.000   490440.000
    1992.000 10789680.000
    1992.000   490440.000
    1992.000  1839150.000
    1992.000  1716540.000
    1992.000  6743550.000
    1992.000 18391500.000
    1992.000  2084370.000
    1992.000  3948042.000
    1992.000  9808800.000
    1992.000 24522000.000
    1992.000 16123215.000
    1992.000  6314415.000
    1992.000  2452200.000
    1992.000 16123215.000
    1992.000  4928922.000
    1992.000  4561092.000
    1992.000  2084370.000
    1992.000  3100561.680
    1992.000  3187860.000
    1992.000  3100561.680
    1992.000   490440.000
    1992.000 11770560.000
    1992.000  5640060.000
    1992.000  4904400.000
    1992.000  5027010.000
    1992.000  8766615.000
    1992.000   367830.000
    1992.000 13487100.000
    1992.000  8766615.000
    1992.000 19249770.000
    1992.000  5517450.000
    1992.000  2820030.000
    1992.000 16674960.000
    1992.000 16674960.000
    1992.000  4904400.000
    1992.000   490440.000
    1992.000 20475870.000
    1992.000  2206980.000
    1992.000  5640060.000
    1992.000  9073140.000
    1992.000  4904400.000
    1992.000  4904400.000
    1992.000  4904400.000
    1992.000  4904400.000
    1992.000 16123215.000
    1992.000 18391500.000
    1992.000  6743550.000
    1992.000  6743550.000
    1992.000  3065250.000
    1992.000  4413960.000
    1992.000  4904400.000
    1992.000 10237935.000
    1992.000  1839150.000
    1992.000  8582700.000
    1992.000  2206980.000
    1992.000  3310470.000
    1992.000  8582700.000
    1992.000   490440.000
    1992.000  2697420.000
    1992.000  9808800.000
    1992.000 24522000.000
    1992.000  3948042.000
    1992.000 12476793.600
    1992.000  6130500.000
    1992.000  5517450.000
    1992.000  4904400.000
    1992.000  2820030.000
    1992.000  8766615.000
    1992.000 11831865.000
    1992.000  5640060.000
    1992.000 10421850.000
    1992.000  8766615.000
    1992.000  8766615.000
    1992.000 11218815.000
    1992.000  4536570.000
    1992.000  7013292.000
    1992.000  6743550.000
    1992.000  6804855.000
    1992.000 12506220.000
    1992.000  1103490.000
    1992.000  4413960.000
    1992.000   490440.000
    1992.000  7479210.000
    1992.000  4904400.000
    1992.000  6130500.000
    1992.000   490440.000
    1992.000 11525340.000
    1992.000  8521395.000
    1992.000 73566000.000
    1992.000  7601820.000
    1992.000  2084370.000
    1992.000   735660.000
    1992.000  8582700.000
    1992.000 18391500.000
    1992.000  7847040.000
    1992.000  7724430.000
    1992.000  5640060.000
    1993.000   150000.000
    1993.000   600000.000
    1993.000  4000000.000
    1993.000   600000.000
    1993.000   600000.000
    1993.000   600000.000
    1993.000  9150000.000
    1993.000   600000.000
    1993.000   400000.000
    1993.000  3200000.000
    1993.000   600000.000
    1993.000   600000.000
    1993.000 17650000.000
    1993.000 11150000.000
    1993.000   600000.000
    1993.000  4600000.000
    1993.000  1600000.000
    1993.000 12150000.000
    1993.000  6550000.000
    1993.000  1400000.000
    1993.000   750000.000
    1993.000   520000.000
    1993.000  8750000.000
    1993.000   750000.000
    1993.000  8100000.000
    1993.000   750000.000
    1993.000   750000.000
    1993.000  5350000.000
    1993.000 12800000.000
    1993.000  2300000.000
    1993.000  5350000.000
    1993.000   750000.000
    1993.000   300000.000
    1993.000  5250000.000
    1993.000   750000.000
    1993.000   300000.000
    1993.000  7200000.000
    1993.000  5900000.000
    1993.000   500000.000
    1993.000   750000.000
    1993.000   750000.000
    1993.000  7500000.000
    1993.000  4400000.000
    1993.000 40000000.000
    1993.000  8350000.000
